1 0.7944711538461539 0.41947115384615385 0.19230769230769232 0.171875
1 0.26322115384615385 0.390625 0.06610576923076923 0.055288461538461536
1 0.3629807692307692 0.3786057692307692 0.038461538461538464 0.03485576923076923
1 0.3629807692307692 0.34134615384615385 0.021634615384615384 0.019230769230769232
1 0.3870192307692308 0.34375 0.03245192307692308 0.02403846153846154
1 0.41466346153846156 0.359375 0.04447115384615385 0.02403846153846154
1 0.5408653846153846 0.33052884615384615 0.027644230769230768 0.027644230769230768
1 0.5961538461538461 0.4495192307692308 0.11538461538461539 0.12139423076923077
1 0.5961538461538461 0.36899038461538464 0.06009615384615385 0.04326923076923077
1 0.5901442307692307 0.3401442307692308 0.03245192307692308 0.027644230769230768
1 0.6598557692307693 0.37740384615384615 0.055288461538461536 0.06610576923076923
1 0.6923076923076923 0.39903846153846156 0.06610576923076923 0.09375