0 0.10336538461538461 0.30528846153846156 0.14423076923076922 0.18389423076923078
0 0.1045673076923077 0.8822115384615384 0.13942307692307693 0.18028846153846154
0 0.10697115384615384 0.11177884615384616 0.14423076923076922 0.18028846153846154
0 0.10697115384615384 0.6899038461538461 0.14423076923076922 0.18028846153846154
0 0.109375 0.4963942307692308 0.13942307692307693 0.18389423076923078
0 0.5084134615384616 0.10697115384615384 0.6382211538461539 0.17548076923076922
0 0.5084134615384616 0.3004807692307692 0.6334134615384616 0.18389423076923078
0 0.5084134615384616 0.6899038461538461 0.6382211538461539 0.18028846153846154
0 0.5108173076923077 0.8822115384615384 0.6418269230769231 0.18028846153846154
0 0.5108173076923077 0.49399038461538464 0.6334134615384616 0.18389423076923078
0 0.9038461538461539 0.10697115384615384 0.15264423076923078 0.19110576923076922
0 0.9038461538461539 0.8810096153846154 0.14423076923076922 0.1875
0 0.9038461538461539 0.49278846153846156 0.13942307692307693 0.18389423076923078
0 0.9038461538461539 0.3004807692307692 0.13942307692307693 0.18389423076923078
0 0.9038461538461539 0.6875 0.13942307692307693 0.18389423076923078