1 0.08413461538461539 0.671875 0.15264423076923078 0.4074519230769231
1 0.08413461538461539 0.375 0.078125 0.12740384615384615
1 0.13822115384615385 0.36899038461538464 0.0625 0.11057692307692307
1 0.1622596153846154 0.42427884615384615 0.046875 0.11057692307692307
1 0.19471153846153846 0.3401442307692308 0.04326923076923077 0.06370192307692307
1 0.484375 0.7992788461538461 0.3245192307692308 0.3954326923076923
1 0.5336538461538461 0.4326923076923077 0.10096153846153846 0.11658653846153846
1 0.7247596153846154 0.4651442307692308 0.11298076923076923 0.06971153846153846
1 0.7319711538461539 0.3894230769230769 0.08173076923076923 0.1045673076923077
1 0.859375 0.4855769230769231 0.15985576923076922 0.07572115384615384
1 0.8677884615384616 0.4182692307692308 0.12139423076923077 0.09254807692307693