1 0.41947115384615385 0.48677884615384615 0.4879807692307692 0.796875
1 0.04567307692307692 0.40625 0.09134615384615384 0.09615384615384616
1 0.109375 0.5132211538461539 0.21875 0.265625
1 0.10697115384615384 0.36778846153846156 0.0625 0.0673076923076923
1 0.19471153846153846 0.4266826923076923 0.109375 0.25
1 0.671875 0.3545673076923077 0.09014423076923077 0.09375
1 0.71875 0.35697115384615385 0.14423076923076922 0.1045673076923077
1 0.7884615384615384 0.3329326923076923 0.0625 0.057692307692307696
1 0.8870192307692307 0.38822115384615385 0.171875 0.16706730769230768
1 0.84375 0.33052884615384615 0.055288461538461536 0.0625
1 0.9663461538461539 0.35697115384615385 0.05889423076923077 0.15144230769230768