1 0.9242788461538461 0.6358173076923077 0.14423076923076922 0.3125
1 0.12860576923076922 0.5697115384615384 0.15264423076923078 0.19471153846153846
1 0.109375 0.44471153846153844 0.03125 0.055288461538461536
1 0.1971153846153846 0.7223557692307693 0.1875 0.3401442307692308
1 0.171875 0.4855769230769231 0.11778846153846154 0.11778846153846154
1 0.27163461538461536 0.8581730769230769 0.3088942307692308 0.2704326923076923
1 0.2283653846153846 0.5144230769230769 0.109375 0.11778846153846154
1 0.296875 0.44471153846153844 0.12860576923076922 0.07692307692307693
1 0.30288461538461536 0.5829326923076923 0.13701923076923078 0.15264423076923078
1 0.31850961538461536 0.5036057692307693 0.09375 0.0829326923076923
1 0.49759615384615385 0.3233173076923077 0.234375 0.6454326923076923
1 0.5336538461538461 0.5588942307692307 0.09735576923076923 0.15985576923076922
1 0.71875 0.5901442307692307 0.27403846153846156 0.30528846153846156