0 0.1814903846153846 0.6574519230769231 0.07451923076923077 0.040865384615384616
0 0.484375 0.5264423076923077 0.5504807692307693 0.8317307692307693
0 0.6153846153846154 0.6274038461538461 0.027644230769230768 0.02283653846153846
0 0.640625 0.6274038461538461 0.019230769230769232 0.02283653846153846
0 0.6802884615384616 0.6430288461538461 0.027644230769230768 0.03485576923076923
0 0.7211538461538461 0.6334134615384616 0.03125 0.040865384615384616
0 0.765625 0.6334134615384616 0.04326923076923077 0.046875
0 0.8064903846153846 0.6394230769230769 0.038461538461538464 0.040865384615384616
0 0.8509615384615384 0.6334134615384616 0.03485576923076923 0.03485576923076923
0 0.9242788461538461 0.6310096153846154 0.06610576923076923 0.046875
0 0.9747596153846154 0.6310096153846154 0.04326923076923077 0.052884615384615384