0 0.328125 0.75 0.15264423076923078 0.19831730769230768
0 0.44471153846153844 0.59375 0.055288461538461536 0.078125
0 0.4651442307692308 0.6694711538461539 0.078125 0.12980769230769232
0 0.5 0.5733173076923077 0.05889423076923077 0.0625
0 0.5348557692307693 0.5072115384615384 0.019230769230769232 0.036057692307692304
0 0.5721153846153846 0.5288461538461539 0.03485576923076923 0.046875
0 0.5697115384615384 0.48197115384615385 0.02403846153846154 0.026442307692307692
0 0.5913461538461539 0.5024038461538461 0.019230769230769232 0.020432692307692308
0 0.6057692307692307 0.546875 0.03125 0.042067307692307696
0 0.6153846153846154 0.5757211538461539 0.038461538461538464 0.0625
0 0.6658653846153846 0.6826923076923077 0.078125 0.12980769230769232
0 0.8125 0.8954326923076923 0.28125 0.19831730769230768