1 0.4254807692307692 0.5408653846153846 0.671875 0.5288461538461539
1 0.025240384615384616 0.3942307692307692 0.05048076923076923 0.0829326923076923
1 0.04927884615384615 0.40865384615384615 0.09014423076923077 0.07692307692307693
1 0.07572115384615384 0.41466346153846156 0.10576923076923077 0.11778846153846154
1 0.14903846153846154 0.38221153846153844 0.07451923076923077 0.03485576923076923
1 0.30288461538461536 0.3701923076923077 0.15985576923076922 0.06490384615384616
1 0.6370192307692307 0.41466346153846156 0.10576923076923077 0.052884615384615384
1 0.6814903846153846 0.4651442307692308 0.109375 0.13581730769230768
1 0.734375 0.4735576923076923 0.09014423076923077 0.1466346153846154
1 0.7596153846153846 0.47115384615384615 0.09735576923076923 0.13581730769230768
1 0.8725961538461539 0.49399038461538464 0.24639423076923078 0.23557692307692307
1 0.84375 0.47115384615384615 0.13221153846153846 0.12980769230769232
1 0.9122596153846154 0.4206730769230769 0.08653846153846154 0.052884615384615384
1 0.9663461538461539 0.46153846153846156 0.05889423076923077 0.12379807692307693