0 0.019230769230769232 0.5204326923076923 0.038461538461538464 0.10576923076923077
0 0.039663461538461536 0.8942307692307693 0.07932692307692307 0.15384615384615385
0 0.04326923076923077 0.6310096153846154 0.078125 0.10576923076923077
0 0.08653846153846154 0.21033653846153846 0.08653846153846154 0.11658653846153846
0 0.09615384615384616 0.02403846153846154 0.052884615384615384 0.04807692307692308
0 0.13221153846153846 0.04326923076923077 0.05048076923076923 0.05889423076923077
0 0.1622596153846154 0.6201923076923077 0.09375 0.11057692307692307
0 0.2536057692307692 0.1778846153846154 0.11298076923076923 0.05889423076923077
0 0.24639423076923078 0.5817307692307693 0.09014423076923077 0.09375
0 0.328125 0.5673076923076923 0.13701923076923078 0.06971153846153846
0 0.3557692307692308 0.18389423076923078 0.10576923076923077 0.06971153846153846
0 0.5384615384615384 0.10216346153846154 0.46153846153846156 0.10576923076923077
0 0.38100961538461536 0.1935096153846154 0.125 0.06490384615384616
0 0.35697115384615385 0.4675480769230769 0.07451923076923077 0.11057692307692307
0 0.5697115384615384 0.2920673076923077 0.328125 0.3161057692307692
0 0.4495192307692308 0.5204326923076923 0.08653846153846154 0.09375
0 0.47115384615384615 0.24519230769230768 0.0625 0.06971153846153846
0 0.49759615384615385 0.5060096153846154 0.109375 0.09375
0 0.5348557692307693 0.28365384615384615 0.08173076923076923 0.09375
0 0.5492788461538461 0.4879807692307692 0.10096153846153846 0.08774038461538461
0 0.5564903846153846 0.3942307692307692 0.09014423076923077 0.09975961538461539
0 0.5973557692307693 0.3894230769230769 0.09375 0.09375
0 0.6466346153846154 0.46153846153846156 0.10096153846153846 0.10576923076923077
0 0.6502403846153846 0.3629807692307692 0.078125 0.09375
0 0.6682692307692307 0.5120192307692307 0.10096153846153846 0.08173076923076923