1 0.15264423076923078 0.4831730769230769 0.10576923076923077 0.11538461538461539
1 0.15865384615384615 0.5 0.11298076923076923 0.0673076923076923
1 0.15264423076923078 0.6081730769230769 0.09014423076923077 0.14903846153846154
1 0.1971153846153846 0.4495192307692308 0.09735576923076923 0.08173076923076923
1 0.21875 0.4254807692307692 0.11778846153846154 0.0625
1 0.5504807692307693 0.5264423076923077 0.7259615384615384 0.23557692307692307
1 0.2403846153846154 0.40384615384615385 0.055288461538461536 0.04807692307692308
1 0.5552884615384616 0.4567307692307692 0.6634615384615384 0.11538461538461539
1 0.5288461538461539 0.45913461538461536 0.5745192307692307 0.10576923076923077
1 0.2620192307692308 0.39663461538461536 0.015625 0.02403846153846154
1 0.28725961538461536 0.3942307692307692 0.019230769230769232 0.028846153846153848
1 0.5132211538461539 0.44471153846153844 0.4723557692307692 0.052884615384615384
1 0.53125 0.4423076923076923 0.5 0.07692307692307693
1 0.5661057692307693 0.46153846153846156 0.5504807692307693 0.07211538461538461
1 0.3004807692307692 0.3870192307692308 0.007211538461538462 0.019230769230769232
1 0.6033653846153846 0.42788461538461536 0.6129807692307693 0.0625
1 0.31009615384615385 0.3870192307692308 0.003605769230769231 0.009615384615384616
1 0.40024038461538464 0.38221153846153844 0.027644230769230768 0.019230769230769232
1 0.40625 0.38221153846153844 0.038461538461538464 0.028846153846153848
1 0.4182692307692308 0.3894230769230769 0.03485576923076923 0.019230769230769232
1 0.44350961538461536 0.3918269230769231 0.04326923076923077 0.02403846153846154
1 0.46153846153846156 0.37740384615384615 0.015625 0.02403846153846154
1 0.4879807692307692 0.38461538461538464 0.02403846153846154 0.02403846153846154
1 0.5 0.38461538461538464 0.015625 0.02403846153846154
1 0.5216346153846154 0.38221153846153844 0.03125 0.02403846153846154
1 0.5432692307692307 0.39663461538461536 0.06971153846153846 0.04326923076923077
1 0.5552884615384616 0.3870192307692308 0.038461538461538464 0.02403846153846154
1 0.5745192307692307 0.36538461538461536 0.02403846153846154 0.02403846153846154
1 0.5901442307692307 0.3942307692307692 0.038461538461538464 0.028846153846153848
1 0.6225961538461539 0.3894230769230769 0.027644230769230768 0.019230769230769232
1 0.6538461538461539 0.3894230769230769 0.027644230769230768 0.019230769230769232
1 0.6850961538461539 0.3894230769230769 0.05048076923076923 0.0673076923076923
1 0.6802884615384616 0.3942307692307692 0.03125 0.028846153846153848
1 0.7115384615384616 0.39663461538461536 0.0625 0.04807692307692308
1 0.7115384615384616 0.4423076923076923 0.046875 0.04326923076923077
1 0.7536057692307693 0.4110576923076923 0.06610576923076923 0.0673076923076923
1 0.8088942307692307 0.41346153846153844 0.08653846153846154 0.11057692307692307
1 0.8257211538461539 0.4423076923076923 0.11778846153846154 0.13942307692307693
1 0.8617788461538461 0.4543269230769231 0.08653846153846154 0.12980769230769232
1 0.8822115384615384 0.4831730769230769 0.046875 0.1201923076923077