1 0.18509615384615385 0.6141826923076923 0.15264423076923078 0.18269230769230768
1 0.27884615384615385 0.6201923076923077 0.078125 0.16706730769230768
1 0.3125 0.609375 0.038461538461538464 0.1201923076923077
1 0.33774038461538464 0.5961538461538461 0.046875 0.1141826923076923
1 0.5180288461538461 0.6298076923076923 0.0625 0.078125
1 0.5841346153846154 0.6322115384615384 0.078125 0.078125
1 0.6526442307692307 0.625 0.06971153846153846 0.09375
1 0.6875 0.6382211538461539 0.09375 0.109375
1 0.7475961538461539 0.6358173076923077 0.10096153846153846 0.13581730769230768
1 0.8100961538461539 0.6454326923076923 0.09014423076923077 0.1201923076923077
1 0.8846153846153846 0.6430288461538461 0.13701923076923078 0.13581730769230768