1 0.019230769230769232 0.59375 0.038461538461538464 0.15625
1 0.05889423076923077 0.578125 0.11778846153846154 0.1875
1 0.10336538461538461 0.578125 0.13701923076923078 0.171875
1 0.171875 0.546875 0.11778846153846154 0.13581730769230768
1 0.25 0.5420673076923077 0.11778846153846154 0.1141826923076923
1 0.4254807692307692 0.6514423076923077 0.3942307692307692 0.21875
1 0.30649038461538464 0.53125 0.09375 0.078125
1 0.35336538461538464 0.5288461538461539 0.08653846153846154 0.057692307692307696
1 0.5685096153846154 0.640625 0.18389423076923078 0.19831730769230768
1 0.6225961538461539 0.625 0.19110576923076922 0.17668269230769232
1 0.6382211538461539 0.6177884615384616 0.21514423076923078 0.15144230769230768
1 0.6911057692307693 0.5985576923076923 0.15625 0.13581730769230768
1 0.7163461538461539 0.6045673076923077 0.11298076923076923 0.140625
1 0.7475961538461539 0.5889423076923077 0.11778846153846154 0.12980769230769232
1 0.7740384615384616 0.6009615384615384 0.12139423076923077 0.12980769230769232
1 0.7884615384615384 0.5913461538461539 0.11778846153846154 0.1045673076923077
1 0.7884615384615384 0.5829326923076923 0.109375 0.0985576923076923
1 0.8100961538461539 0.5961538461538461 0.10576923076923077 0.140625
1 0.8185096153846154 0.5853365384615384 0.09375 0.09375
1 0.84375 0.5853365384615384 0.08653846153846154 0.0829326923076923
1 0.8725961538461539 0.5733173076923077 0.09375 0.0673076923076923