1 0.19110576923076922 0.46033653846153844 0.13221153846153846 0.2860576923076923
1 0.25600961538461536 0.30528846153846156 0.13221153846153846 0.2800480769230769
1 0.36538461538461536 0.6069711538461539 0.19951923076923078 0.4026442307692308
1 0.34615384615384615 0.28966346153846156 0.08173076923076923 0.1466346153846154
1 0.36778846153846156 0.09134615384615384 0.046875 0.07932692307692307
1 0.4254807692307692 0.11538461538461539 0.05889423076923077 0.109375
1 0.453125 0.27403846153846156 0.08653846153846154 0.1346153846153846
1 0.53125 0.17067307692307693 0.06610576923076923 0.12860576923076922
1 0.6153846153846154 0.0889423076923077 0.027644230769230768 0.04927884615384615
1 0.7475961538461539 0.10096153846153846 0.05889423076923077 0.0673076923076923
1 0.7884615384615384 0.109375 0.046875 0.0733173076923077
1 0.8221153846153846 0.12860576923076922 0.05889423076923077 0.0733173076923077
1 0.8629807692307693 0.28966346153846156 0.13221153846153846 0.08533653846153846
1 0.8822115384615384 0.1310096153846154 0.0625 0.08533653846153846
1 0.9471153846153846 0.140625 0.07451923076923077 0.11538461538461539
1 0.9759615384615384 0.28966346153846156 0.03485576923076923 0.10336538461538461