1 0.7944711538461539 0.20793269230769232 0.3713942307692308 0.18870192307692307
1 0.11177884615384616 0.6802884615384616 0.171875 0.11057692307692307
1 0.109375 0.8858173076923077 0.16826923076923078 0.09495192307692307
1 0.11538461538461539 0.453125 0.17548076923076922 0.11057692307692307
1 0.3004807692307692 0.875 0.171875 0.12259615384615384
1 0.30528846153846156 0.6694711538461539 0.17548076923076922 0.10576923076923077
1 0.3004807692307692 0.45552884615384615 0.16346153846153846 0.09495192307692307
1 0.4963942307692308 0.6778846153846154 0.17548076923076922 0.10576923076923077
1 0.4963942307692308 0.8918269230769231 0.171875 0.10576923076923077
1 0.4963942307692308 0.4639423076923077 0.171875 0.11057692307692307
1 0.6838942307692307 0.8918269230769231 0.171875 0.09975961538461539
1 0.6899038461538461 0.6802884615384616 0.171875 0.09975961538461539
1 0.6899038461538461 0.46153846153846156 0.16826923076923078 0.10576923076923077
1 0.8774038461538461 0.8942307692307693 0.171875 0.11057692307692307
1 0.8822115384615384 0.46153846153846156 0.17548076923076922 0.09975961538461539
1 0.8810096153846154 0.671875 0.16346153846153846 0.10576923076923077